0.	8.73914854810044e-10	8.982762720550552e-10
1.	8.741968236050331e-10	9.160007418951593e-10
2.	8.746727550259675e-10	9.442583688042025e-10
3.	8.754522000379025e-10	9.878431959517768e-10
4.	8.766911691540149e-10	1.0528853211842872e-9
5.	8.786033373461959e-10	1.1468023148258327e-9
6.	8.814699095280818e-10	1.278029481367205e-9
7.	8.856460838093566e-10	1.4554832801631396e-9
8.	8.915618557052326e-10	1.6877540797613963e-9
9.	8.997151414161314e-10	1.982083345230239e-9
10.	9.106559463506193e-10	2.343244944031355e-9
11.	9.249615274396699e-10	2.772503587397623e-9
12.	9.432040136664147e-10	3.266847586230531e-9
13.	9.659134630069969e-10	3.818675201425958e-9
14.	9.935405052969667e-10	4.416051319937406e-9
15.	1.0264232552841663e-9	5.043554023581646e-9
16.	1.0647629115452047e-9	5.683619689030675e-9
17.	1.1086113914487321e-9	6.318196741785251e-9
18.	1.1578726695775086e-9	6.930456255351382e-9
19.	1.2123174990065007e-9	7.506297576846909e-9
20.	1.2716092779009585e-9	8.03543130029701e-9
21.	1.335337338466251e-9	8.511908775108715e-9
22.	1.4030531482388717e-9	8.934075138467976e-9
23.	1.4743049388553235e-9	9.304025648052857e-9
24.	1.5486670500562614e-9	9.626720037438037e-9
25.	1.6257615734552121e-9	9.908943121188871e-9
26.	1.7052713830893879e-9	1.0158290496184872e-8
27.	1.7869450230235396e-9	1.0382315543323905e-8
28.	1.8705949387981723e-9	1.0587914305330556e-8
29.	1.9560910706855818e-9	1.0780965317481056e-8
30.	2.043351888310537e-9	1.096619509300546e-8
31.	2.1323346537917687e-9	1.1147213013247014e-8
32.	2.2230262146535616e-9	1.1326651584662694e-8
33.	2.3154351011109872e-9	1.1506354643989354e-8
34.	2.4095852454247493e-9	1.1687570611611386e-8
35.	2.5055113103198176e-9	1.1871124359911434e-8
36.	2.603255418141068e-9	1.2057555593577892e-8
37.	2.7028649907402985e-9	1.2247221895935175e-8
38.	2.804391407009e-9	1.2440370567343192e-8
39.	2.9078892256110658e-9	1.2637185880574316e-8
40.	3.013415777598049e-9	1.2837818578205196e-8
41.	3.1210309898485693e-9	1.3042403429842547e-8
42.	3.230797347027551e-9	1.3251069249459847e-8
43.	3.3427799345087756e-9	1.346394441564129e-8
44.	3.4570465284143024e-9	1.368115984961621e-8
45.	3.5736677139972325e-9	1.3902850628908931e-8
46.	3.6927170226048645e-9	1.4129156907016954e-8
47.	3.814271082561695e-9	1.4360224500859632e-8
48.	3.938409782067568e-9	1.459620533222583e-8
49.	4.065216443640345e-9	1.483725781488722e-8
50.	4.194778010364741e-9	1.5083547231224188e-8
51.	4.327185244589647e-9	1.533524611869852e-8
52.	4.462532939931837e-9	1.5592534676184823e-8
53.	4.6009201475882394e-9	1.5855601195400358e-8
54.	4.742450418077591e-9	1.612464252082214e-8
55.	4.887232059645868e-9	1.6399864541065364e-8
56.	5.035378414688763e-9	1.668148271440556e-8
57.	5.187008155673201e-9	1.6969722631311043e-8
58.	5.342245602181413e-9	1.7264820617116906e-8
59.	5.501221060857672e-9	1.7567024378280122e-8
60.	5.664071190211345e-9	1.7876593695848513e-8
61.	5.8309393924228005e-9	1.819380117021207e-8
62.	6.001976234513161e-9	1.851893302181617e-8
63.	6.1773399014778314e-9	1.8852289952462157e-8
64.	6.357196684250188e-9	1.9194188072952556e-8
65.	6.541721505659385e-9	1.9544959902890738e-8
66.	6.731098487879028e-9	1.9904955449377105e-8
67.	6.925521565236189e-9	2.0274543371922378e-8
68.	7.125195146668126e-9	2.065411224176632e-8
69.	7.330334832583705e-9	2.1044071904561853e-8
70.	7.541168191414494e-9	2.144485495658079e-8
71.	7.757935601735554e-9	2.1856918345551232e-8
72.	7.980891166507426e-9	2.2280745108575374e-8
73.	8.210303706749689e-9	2.271684626104234e-8
74.	8.446457842815842e-9	2.3165762852099565e-8
75.	8.689655172413791e-9	2.3628068203987626e-8
76.	8.940215555623789e-9	2.410437035483634e-8
77.	9.198478518426137e-9	2.4595314726642113e-8
78.	9.464804787688796e-9	2.5101587043256318e-8
79.	9.739577972207924e-9	2.5623916525941105e-8
80.	1.0023206406275531e-8	2.616307939787991e-8
81.	1.0316125174407012e-8	2.6719902733101777e-8
82.	1.0618798338343066e-8	2.7295268689920346e-8
83.	1.0931721390300861e-8	2.7890119174406117e-8
84.	1.125542395975264e-8	2.85054609858621e-8
85.	1.159047280483469e-8	2.914237150332875e-8
86.	1.1937475123928063e-8	2.9802004980744962e-8
87.	1.2297082228116705e-8	3.0485599528109684e-8
88.	1.266999362125248e-8	3.119448486748127e-8
89.	1.3056961541402241e-8	3.193009096602414e-8
90.	1.3458796025715948e-8	3.269395766409439e-8
91.	1.3876370570475127e-8	3.3487745434701726e-8
92.	1.4310628469549004e-8	3.4313247432612794e-8
93.	1.4762589928057546e-8	3.5172403017045445e-8
94.	1.5233360064153948e-8	3.6067312962664685e-8
95.	1.5724137931034425e-8	3.7000256610008316e-8
96.	1.6236226714228878e-8	3.7973711249982984e-8
97.	1.6771045286755268e-8	3.899037408964074e-8
98.	1.7330141337872607e-8	4.0053187209277944e-8
99.	1.791520633124878e-8	4.1165365997037465e-8
100.	1.8528092597015478e-8	4.2330431639728215e-8
101.	1.917083292149894e-8	4.355224836091495e-8
102.	1.9845663071041993e-8	4.483506623447404e-8
103.	2.0555047775651452e-8	4.618357056939477e-8
104.	2.1301710808522467e-8	4.7602939064826346e-8
105.	2.2088669934286695e-8	4.90989081790205e-8
106.	2.2919277668969394e-8	5.067785044178441e-8
107.	2.3797269006528388e-8	5.23468647564195e-8
108.	2.4726817530248268e-8	5.411388204788672e-8
109.	2.571260165241199e-8	5.598778883117125e-8
110.	2.6759883120893712e-8	5.7978571218546324e-8
111.	2.7874600397896187e-8	6.00974812244127e-8
112.	2.90634800385258e-8	6.235722540146872e-8
113.	3.033416972629252e-8	6.477217198243147e-8
114.	3.1695397050192656e-8	6.735856559793824e-8
115.	3.315715822765324e-8	7.013472680133336e-8
116.	3.4730940437596625e-8	7.312119555161247e-8
117.	3.6429979677326177e-8	7.634075251238985e-8
118.	3.826955229796972e-8	7.981821992220537e-8
119.	4.0267291536961716e-8	8.357990772928688e-8
120.	4.244350913503732e-8	8.765253691617111e-8
121.	4.482148502774424e-8	9.206145056480109e-8
122.	4.742766370863746e-8	9.682792758207531e-8
123.	5.0291663139654484e-8	1.0196545895195522e-7
124.	5.344596101847877e-8	1.0747494560515447e-7
125.	5.6925075929271504e-8	1.1333894056266523e-7
126.	6.076401366252522e-8	1.195152908018168e-7
127.	6.499571543367319e-8	1.2593083514076512e-7
128.	6.964725031746106e-8	1.3247617293506846e-7
129.	7.473458030169496e-8	1.3900290380355992e-7
130.	8.025594929529362e-8	1.4532507536319012e-7
131.	8.618436362767486e-8	1.5122670785598667e-7
132.	9.24602570869066e-8	1.5647693072668928e-7
133.	9.89861740660189e-8	1.6085314184186377e-7
134.	1.056258814870373e-7	1.641704713998273e-7
135.	1.122102706018151e-7	1.66312921776986e-7
136.	1.1855126602034688e-7	1.6725883326688018e-7
137.	1.2446263824888425e-7	1.6709243444575155e-7
138.	1.2978379977052084e-7	1.6599565552791696e-7
139.	1.3440073316079242e-7	1.6422010787992225e-7
140.	1.382584598216712e-7	1.6204595061384345e-7
141.	1.4136210915630542e-7	1.5973884553879392e-7
142.	1.4376743994828512e-7	1.575160079868736e-7
143.	1.455647105187214e-7	1.555279237041106e-7
144.	1.468608524704567e-7	1.538563170250514e-7
145.	1.4776401904443642e-7	1.5252432039697434e-7
146.	1.4837270254525293e-7	1.5151291118142218e-7
147.	1.4876978454928193e-7	1.5077823949156416e-7
148.	1.4902068592261755e-7	1.5026630038528795e-7
149.	1.4917430477182227e-7	1.4992338739515324e-7
150.	1.492654672132693e-7	1.497022658251767e-7
151.	1.4931790820152708e-7	1.495648534208199e-7
152.	1.4934715110588863e-7	1.4948249492427643e-7
153.	1.4936295803615626e-7	1.4943485970117084e-7
154.	1.493712396894911e-7	1.4940826036412247e-7
155.	1.4937544486949824e-7	1.4939391616586393e-7
156.	1.4937751406604103e-7	1.4938644389865127e-7
157.	1.4937850061723748e-7	1.4938268306698185e-7
158.	1.4937895632976912e-7	1.4938085396160488e-7
159.	1.493791602551049e-7	1.4937999421105767e-7
160.	1.4937924864829515e-7	1.49379603612029e-7
161.	1.493792857586906e-7	1.493794320767162e-7
162.	1.49379300847895e-7	1.4937935925297495e-7
163.	1.4937930678943164e-7	1.4937932936364938e-7
164.	1.4937930905492753e-7	1.4937931750290714e-7
165.	1.4937930989136346e-7	1.4937931295223849e-7
166.	1.4937931019037043e-7	1.4937931126403575e-7
167.	1.4937931029385785e-7	1.4937931065845325e-7
168.	1.4937931032853376e-7	1.493793104483795e-7
169.	1.4937931033978202e-7	1.4937931037790408e-7
170.	1.4937931034331406e-7	1.493793103550645e-7
171.	1.4937931034438778e-7	1.49379310347899e-7
172.	1.4937931034470357e-7	1.493793103457254e-7
173.	1.4937931034479365e-7	1.4937931034507592e-7
174.	1.4937931034481863e-7	1.4937931034487898e-7
175.	1.4937931034482499e-7	1.493793103448335e-7
176.	1.493793103448268e-7	1.4937931034484238e-7
177.	1.493793103448272e-7	1.4937931034484103e-7
178.	1.493793103448272e-7	1.4937931034481416e-7
179.	1.493793103448272e-7	1.4937931034483777e-7
180.	1.493793103448272e-7	1.4937931034481673e-7
181.	1.4937931034482737e-7	1.493793103448211e-7
182.	1.4937931034482737e-7	1.493793103448211e-7
183.	1.4937931034482737e-7	1.493793103448211e-7
184.	1.4937931034482737e-7	1.493793103448211e-7
185.	1.4937931034482737e-7	1.493793103448211e-7