0.	0.21908931001072005	0.21908930952032343	0.2190905472769883	204.03029697554624
9.9e-6	0.21908954045318174	0.21908958893086694	0.21896713424136227	204.03029974154038
0.0000198	0.21908991829370186	0.2190900249721593	0.21882098291614224	204.03030405807266
0.0000297	0.21909053818256308	0.2190907915192614	0.21845189901130044	204.0303116463708
0.0000396	0.21909155496679478	0.2190920624526871	0.21781233151147378	204.03032422766262
0.0000495	0.21909322266283696	0.21909376966775584	0.21771549699317294	204.03034112764007
0.0000594	0.21909595768526807	0.21909681306055548	0.21694251073061932	204.03037125413803
0.0000693	0.2191004423766508	0.21910144610277482	0.21657690852843206	204.03041711531412
0.0000792	0.21910779404146272	0.21910954050089776	0.2147181585713832	204.03049723589223
0.0000891	0.21911984009318275	0.21912113397012692	0.21588535329759465	204.03061198330224
0.000099	0.21913956369532916	0.2191419852875564	0.21308427551829975	204.03081833758378
0.0001089	0.21917181960181478	0.21917275900048264	0.21689410651077518	204.0311228332652
0.0001188	0.2192244678792488	0.21922879981254098	0.2084597887671908	204.03167717431077
0.0001287	0.2193101308587169	0.2193146622901295	0.20814644800504378	204.0325260808505
0.0001386	0.21944880560258465	0.21946356467593148	0.18269153556892306	204.03399703891583
0.0001485	0.2196714900137205	0.21968771375936386	0.1794371978650694	204.03620843904994
0.0001584	0.22002458237227965	0.2200557926960849	0.14240388776024154	204.03983228784762
0.0001683	0.22057378047611514	0.22060964204498007	0.13146335674328047	204.0452675417868
0.0001782	0.22140436950304546	0.2214476692395106	0.11373061589138977	204.0534517417611
0.0001881	0.22261314947802227	0.22267251090097345	0.07530456711574263	204.06532805965963
0.000198	0.2242890618207432	0.22433403964491663	0.11279441498805554	204.08127855897328
0.0002079	0.22648783808769052	0.22654937174354145	0.07693966682204456	204.10226401808714
0.0002178	0.22921505195095565	0.22925755676167833	0.12799306346219286	204.12749146420813
0.0002277	0.23242946470809686	0.2324711990630403	0.13621158002585787	204.15683561407482
0.0002376	0.23606311358601376	0.23610340778243621	0.1461003081129153	204.18925417747843
0.0002475	0.24004408061192276	0.2400758778268902	0.1712629244855446	204.2238350769523
0.0002574	0.2443112351025491	0.24435001854330235	0.16246678233255096	204.26006239100928
0.0002673	0.24881938274505852	0.24885179484987982	0.182314170690816	204.29716749385605
0.0002772	0.25353842881360783	0.2535759387414699	0.1785382693854931	204.33499642094478
0.0002871	0.2584502527953635	0.2584842600533491	0.1923688449368477	204.37315181667228
0.000297	0.2635454176940964	0.2635815633546202	0.1953084471195865	204.41159522841113
0.0003069	0.26882050799327784	0.2688548067312539	0.20599456314082332	204.4501593450609
0.0003168	0.274276213672026	0.27431111203765296	0.21229116576511942	204.4888333864377
0.0003267	0.2799160356386308	0.27994986095055324	0.22170232584638683	204.52755193870772
0.0003366	0.2857454445700022	0.2857792085588212	0.22947328958016655	204.56631159172065
0.0003465	0.2917713500512929	0.2918043788712761	0.23849295822863326	204.6050875071397
0.0003564	0.2980017751157203	0.29803449286402645	0.2469463517728343	204.64387855569058
0.0003663	0.3044456645071825	0.3044778395390716	0.25589830579445305	204.6826755226759
0.0003762	0.3111127795052218	0.31114459799823435	0.26471400341559814	204.72147782602806
0.0003861	0.3180136489677672	0.31804501673257457	0.2738277598243499	204.76028188749024
0.000396	0.32515955735509683	0.3251905507942005	0.28300595001699236	204.79908748093325
0.0004059	0.33256255768874304	0.3325931343082542	0.2924288779807682	204.83789320214785
0.0004158	0.34023550200438574	0.3402657023595686	0.3019995025567468	204.87669900711882
0.0004257	0.34819208479483216	0.34822190471759473	0.31179301056841524	204.91550434188883
0.0004356	0.35644689681379305	0.35647640659298346	0.32173715557888727	204.95430933207484
0.0004455	0.3650154878151332	0.36504485329957936	0.33174971925816976	204.9931142040487
0.0004554	0.3739144375860718	0.3739436737771101	0.3420339712479148	205.03191810158847
0.0004653	0.38316143515551704	0.38319035116040695	0.352826082519897	205.07072006227946
0.0004752	0.3927753664212599	0.392803910955051	0.363981610311086	205.1095206310721
0.00048510000000000003	0.4027764107061596	0.4028046241250541	0.37542702746819145	205.1483200831766
0.000495	0.4131861469647079	0.41321405950029316	0.38719931349564973	205.1871182653985
0.0005049	0.4240276705439409	0.42405534901438885	0.39929346971060653	205.225915192414
0.0005148	0.43532572157410127	0.4353532044621183	0.4117669404357116	205.26471063582073
0.0005247	0.44710682623678843	0.4471341357357448	0.42466465110152285	205.30350441751156
0.0005346	0.45939945234037255	0.45942660701743265	0.43802103130964554	205.3422964012775
0.0005445	0.47223418083106944	0.47226119092218416	0.4518755575729472	205.38108643154405
0.0005544	0.485643895089295	0.48567077651718843	0.4662587100326476	205.4198743883013
0.0005643	0.4996639901104443	0.4996907727430793	0.4811984511766809	205.45866016158033
0.0005742	0.5143326039528268	0.5143593089010371	0.4967420688895885	205.49744356568445
0.0005841	0.5296908741594799	0.5297175334473697	0.512926274383716	205.5362244564766
0.000594	0.5457832222319673	0.5458098477219309	0.5298108561846959	205.5750025993085
0.0006039	0.5626576696611018	0.5626842606925683	0.5474524038871209	205.61377777210612
0.0006138	0.5803661895110879	0.580392756361504	0.5658972611732338	205.65254979301042
0.0006237	0.5989650981206834	0.598991684618323	0.5851855551042462	205.6913185045629
0.0006336	0.6185154921403768	0.618542120926272	0.6053925383969982	205.73008361148837
0.0006435	0.6390837368830512	0.6391104484685397	0.6265781426691319	205.7688448786296
0.0006534	0.6607420128447588	0.6607688234079132	0.6488284632043673	205.80760196817388
0.0006633	0.6835689282726133	0.6835958706665372	0.6722163147769322	205.84635459441762
0.0006732	0.7076502068427081	0.707677284414084	0.6968414723640137	205.88510236587516
0.0006831	0.733079460890917	0.7331066993565218	0.7227893306531286	205.92384494748475
0.000693	0.75995906224713	0.7599864538019171	0.750175845965515	205.96258188427086
0.0007029	0.7884011245984213	0.7884286946957055	0.7791014230646454	206.00131278227752
0.0007128	0.8185286134953671	0.8185563636359802	0.8096981115620139	206.0400371233847
0.0007227000000000001	0.8504766026726575	0.8505046360510272	0.8420705352429536	206.07875449708254
0.0007326	0.8843936983440457	0.8844220166413075	0.8764013764448464	206.11746418658447
0.0007425	0.9204436566266729	0.9204723139407799	0.9128403325302514	206.15616560452676
0.0007524	0.9588072233367181	0.9588361917720128	0.9515909822456337	206.1948579521321
0.0007623	0.9996842301761171	0.9997136271492252	0.9928176033857739	206.23354058482792
0.0007722	1.0432959869108904	1.0433257410296162	1.0367877961811445	206.2722124526374
0.0007821	1.0898880156519637	1.089918141903843	1.0837259284024725	206.31087267521403
0.000792	1.139733180928246	1.139763585466879	1.133925975227612	206.34952009909463
0.0008019	1.1931352780381221	1.1931662981521933	1.18761103977711	206.38815384889472
0.0008118	1.2504331523329077	1.250464607784307	1.2452181059988732	206.42677221003092
0.0008217	1.3120054337702198	1.3120371373076463	1.3071198770989412	206.4653737201366
0.0008316	1.3782759843984862	1.3783077582074845	1.3737322984248124	206.50395674717686
0.0008415	1.4497201714635368	1.449753148448078	1.445351568269757	206.5425201289657
0.0008514	1.5268719098577705	1.5269058928692016	1.5227096310061938	206.5810609935905
0.0008613	1.610332396243361	1.6103675064435328	1.606363107116664	206.6195771570528
0.0008712	1.7007794969775218	1.7008144961838314	1.697134166562364	206.65806539342407
0.0008811	1.7989787274092937	1.7990122953353724	1.7957638059975523	206.69652279527344
0.000891	1.9057960289084708	1.9058272468014794	1.9030521658280009	206.7349462231093
0.0009009	2.022212359138104	2.0222459950659712	2.0195050767310363	206.77333369221577
0.0009108	2.1493403833679805	2.1493756499893073	2.146746464547533	206.81167883083415
0.0009207	2.2884434834488663	2.288479097554823	2.28605483117704	206.8499766225371
0.0009306	2.440957271492516	2.44098979521389	2.4389722791210033	206.88822101661404
0.0009405	2.6085137314471694	2.6085461106593386	2.6067196400845205	206.92640722291682
0.0009504	2.7929679968646255	2.7929964600432333	2.7915392283573226	206.96452644333087
0.0009603	2.9964275849109883	2.9964563640169195	2.995122035121369	207.00257204295434
0.0009702000000000001	3.221283616748282	3.2213066102968506	3.220342861406209	207.04053274199944
0.0009801	3.470243129174619	3.470264905076918	3.4694416014993124	207.07839975184686
0.00099	3.746360986065405	3.746371488747315	3.746013966807027	207.11615896408975
0.0009999	4.053069124383333	4.053073928966953	4.052926560004693	207.153799131108
0.0010098	4.394199718951431	4.394184355747837	4.394606601574935	207.1913028819228
0.0010197	4.773997991754651	4.773968741067097	4.774690515268674	207.22865594838547
0.0010296	5.197118708850398	5.197057314532884	5.19841729395381	207.26583777438535
0.0010395	5.668599599446892	5.668508525360059	5.670319202422576	207.3028305767837
0.0010494	6.193804249798117	6.193664933769995	6.196152848654606	207.33961176851588
0.0010593	6.77832754622074	6.77813078371428	6.781291208285438	207.37616026776624
0.0010692	7.427858931241794	7.427594894371802	7.431417443137747	207.41245377564888
0.0010791	8.148003097059433	8.147634729997266	8.152455092507864	207.44846905011485
0.001089	8.94406428819438	8.943605103731082	8.949055999612057	207.4841878388385
0.0010989	9.820823480372564	9.820196531692279	9.826959141578016	207.51958762393272
0.0011088	10.782269911691419	10.781529433333297	10.788826655965096	207.55465796003244
0.0011187	11.831395379551779	11.830424193838875	11.83921846579949	207.5893809554768
0.0011286	12.97003207427319	12.968926552303524	12.978180191805535	207.62375643126506
0.0011385	14.198765513542915	14.1973944361013	14.208067215672315	207.65777514564235
0.0011484	15.516935061390688	15.51541124170889	15.526510177528081	207.69144639520943
0.0011583	16.922716834047336	16.92089930849542	16.933353985392756	207.72477078849676
0.0011682	18.41328013825028	18.41126676280746	18.424311217279552	207.7577651479593
0.0011781	19.984992446595168	19.982712610278305	19.996712535005372	207.79043994721525
0.001188	21.633510930678543	21.631039254233894	21.64554859518418	207.82281484130516
0.0011979	23.354168828453826	23.351487587963188	23.3666121764648	207.85490633800245
0.0012078	25.14209830087563	25.139232081869405	25.15482757456155	207.8867343527264
0.0012177	26.992389823288466	26.9893739293022	27.00525769709259	207.918318257028
0.0012276	28.90021946471734	28.897045144705015	28.91327948699754	207.94967619028535
0.0012375	30.860928544800817	30.85765620158864	30.873966962313375	207.98082748045573
0.0012474	32.870124868979815	32.86672312299647	32.883291805363655	208.01178793335276
0.0012573	34.92370199563361	34.920253667760896	34.93670051634382	208.0425754154342
0.0012672	37.017852763487355	37.014322966460156	37.03084265967533	208.07320307272394
0.0012771	39.149054972689605	39.145531419860326	39.161764582141956	208.10368641807617
0.001287	41.31413014447921	41.31057246426927	41.32672243685079	208.13403621745738
0.0012969	43.51016981022844	43.506650087627946	43.522406237182594	208.16426545818243
0.0013068	45.734529275166025	45.731011392375436	45.7465607490991	208.19438298905925
0.0013167	47.98480108623921	47.981354206378015	47.9964290444336	208.22439962738056
0.0013266	50.258826911081115	50.25541259533653	50.2702062189482	208.25432245500605
0.0013365	52.55466420344399	52.55131772113783	52.56568190354429	208.2841601447079
0.0013464	54.870542808076735	54.86723260669242	54.881315564633155	208.31391874104074
0.0013563	57.20485569749257	57.20163758122198	57.21522645182333	208.34360562345978
0.0013662	59.55615655988871	59.55300701273325	59.566224846425655	208.37322546003577
0.0013761000000000001	61.92315332834887	61.92009909649812	61.93283390863414	208.40278404540953
0.001386	64.30465985386523	64.30167708022147	64.31403425141212	208.4322853793257
0.0013959	66.69959512165815	66.69671117299632	66.70859404033209	208.46173429510344
0.0014058	69.10698127665758	69.104179805137	69.1156737777574	208.49113408665932
0.0014157	71.52594394084528	71.5232466553427	71.53426183751378	208.5204887232869
0.0014256	73.9556747333934	73.95307439217113	73.96364277078234	208.5498010121755
0.0014355	76.39543191379826	76.39297943812429	76.40290678018488	208.57907452307526
0.0014454000000000001	78.84454216128975	78.84220867793618	78.85162528522287	208.60831093759725
0.0014553	81.30239922498902	81.30011563973116	81.30929918824307	208.63751221403885
0.0014652	83.76843959628964	83.76618113462139	83.77523024332916	208.6666810920909
0.0014751	86.24214221583833	86.23996666271188	86.24865747029162	208.69582055759312
0.001485	88.72303332097063	88.72094425212475	88.72926997429602	208.7249318303962
0.0014949	91.2106818238724	91.20868519104083	91.21662157853592	208.75401666115323
0.0015048	93.70468549291627	93.70277159160062	93.7103571487333	208.7830764432961
0.0015147000000000001	96.20466953469588	96.2028402622702	96.21007404815572	208.81211275664094
0.0015246	98.71029316616114	98.70853711517309	98.71546860735947	208.84112679268827
0.0015345	101.22124242803329	101.21955691581665	101.2261961518999	208.87011990382882
0.0015444	103.737223589645	103.7356011658121	103.74197706004622	208.89909318720785
0.0015543	106.2579609843048	106.25641416687762	106.2624825862261	208.92804793271642
0.0015642	108.78320424921681	108.78172648174274	108.78751542751758	208.95698491450713
0.0015741	111.31271965418117	111.31130356768543	111.3168415218982	208.9859050509638
0.001584	113.84628812142546	113.84492613872949	113.85024240109658	209.01480919928485
0.0015939	116.38370273813601	116.38240122886805	116.38747492406992	209.04369831347722
0.0016038	118.92477588764889	118.92353065077678	118.92837904710973	209.07257302150038
0.0016137	121.46933010498333	121.46814080136966	121.47276489581259	209.10143406836008
0.0016236	124.01719852708491	124.01606040453551	124.02047882122332	209.13028205692498
0.0016335	126.56822384888632	126.56713978756804	126.57134401600814	209.15911768092988
0.0016434	129.1222620075981	129.1212258804014	129.12524008090145	209.18794141278238
0.0016533	131.67917615835503	131.6781809815922	131.68203188136317	209.2167537827066
0.0016632	134.2388369011047	134.2378770728061	134.24158681588779	209.24555531098798
0.0016731	136.80112290310973	136.8001985522759	136.8037681291105	209.27434653421028
0.001683	139.3659214409712	139.36503570599862	139.36845314807357	209.30312793370243
0.0016929	141.93312539885997	141.93230041112784	141.93548011051945	209.33190014416712
0.0017028	144.50263286394085	144.50186229591532	144.50482952898284	209.36066324206666
0.0017127	147.07434881654956	147.07359969653322	147.07648227692403	209.3894173024477
0.0017226	149.6481837463112	149.64744851062824	149.6502755093104	209.4181629642612
0.0017325	152.2240526061627	152.2233481942235	152.22605412170822	209.4469008360868
0.0017424	154.8018740150082	154.8012040835291	154.80377576577496	209.47563108408562
0.0017523	157.3815725151492	157.38094105624668	157.3833635573007	209.5043540099264
0.0017622	159.96307608648723	159.96247974551147	159.96476599944884	209.53306981566604
0.0017721	162.5463162225009	162.54574567060064	162.54793127075686	209.56177870463515
0.001782	165.13122745970958	165.13067734779122	165.13278346089123	209.59048097468138
0.0017919	167.71774877181736	167.71721728391788	167.7192510044759	209.61917690660394
0.0018018	170.30582163374032	170.30530913456735	170.30726904517223	209.6478667548782
0.0018117	172.89539017224342	172.8949055049165	172.89675772607012	209.67655083283677
0.0018216	175.48640128290657	175.48594408090952	175.48769048350238	209.70522924470683
0.0018315	178.07880488571175	178.07836941362905	178.08003201901357	209.73390212898823
0.0018414	180.6725529660782	180.6721354345798	180.67372868005464	209.76256969619592
0.0018513	183.26759945618335	183.26719782879005	183.2687295639363	209.79123214605588
0.0018612	185.86390084577275	185.8635131473883	185.8649911226243	209.81988964943625
0.0018711	188.4614156106249	188.46104211605657	188.4624653287068	209.84854239478116
0.001881	191.06010396786428	191.05974408753735	191.06111471762716	209.87719052908926
0.0018909	193.6599275884459	193.65958241179024	193.66089650789348	209.90583422022144
0.0019008	196.2608504588693	196.2605196277163	196.26177862290433	209.9344735940358
0.0019107	198.86283783769326	198.8625209470817	198.86372641931814	209.9631087864616
0.0019206	201.46585639327253	201.4655536480098	201.46670481586597	209.99173993514634
0.0019305	204.06987419273253	204.06958931191886	204.07067215932017	210.02036720352385
0.0019404000000000001	206.67486092214548	206.67459210959146	206.67561352221952	210.0489906501646
0.0019503	209.2807873523793	209.28052797381733	209.28151319220234	210.0776103367188
0.0019602	211.88762533648904	211.8873727340726	211.88833187074238	210.1062264173812
0.0019701	214.4953480463288	214.49510192179474	214.49603615585403	210.13483902321033
0.00198	217.10392976459872	217.10369255998486	217.1045926455531	210.1634482852647