0.	0.8995323635011929	0.09691185853148028	0.0034460189775735815
1.	0.8995031976560142	0.09694000689976344	0.0034470199211075318
2.	0.8994540052473147	0.09698748165071602	0.0034487080947817636
3.	0.8993734520102888	0.09706522049171337	0.0034514724331778154
4.	0.8992454106866027	0.0971887801402835	0.0034558661268270737
5.	0.8990479146509729	0.09737938636307132	0.003462643938233382
6.	0.8987519732966363	0.09766498985467802	0.0034727997772934496
7.	0.8983212169377575	0.098080697891358	0.0034875820318290077
8.	0.8977117449752905	0.09866887623687821	0.00350849717624757
9.	0.8968731014177156	0.09947821907666284	0.003537276742592467
10.	0.8957501987343951	0.10056188739611455	0.0035758110951611107
11.	0.8942861673529418	0.10197476300433315	0.0036260517948059506
12.	0.8924261244638841	0.10376981022146925	0.0036898822048185625
13.	0.8901214128815987	0.10599398427768264	0.0037689720717766946
14.	0.8873336163518288	0.1086843578216964	0.003864639737631747
15.	0.8840381285237368	0.1118646775138513	0.00397772959403959
16.	0.8802265293901984	0.11554306530150685	0.004108530572933906
17.	0.8759073390607585	0.11971129971051506	0.0042567504158403805
18.	0.8711052406052134	0.12434555892695304	0.004421542001161053
19.	0.8658587093664295	0.12940871191289768	0.0046015850063963306
20.	0.860216502473761	0.1348537053346419	0.0047952062621019875
21.	0.8542335386222484	0.1406275401494937	0.005000521137952794
22.	0.847966702613267	0.1466753200085751	0.0052155775386782096
23.	0.84147111611727	0.1529438503393523	0.005438483856875877
24.	0.8347972382074322	0.15938443644425462	0.005667508488038518
25.	0.8279889528948744	0.16595472881824674	0.005901145472247359
26.	0.8210826944697858	0.1726195673185237	0.006138144506393232
27.	0.8141073878205823	0.1793510386917954	0.006377512990989334
28.	0.8070850510560966	0.18612789487552578	0.006618495345682554
29.	0.800031788712567	0.1929345947367786	0.006860538936202509
30.	0.792958904942266	0.19976022945716052	0.00710325586172047
31.	0.7858740529234277	0.20659741365442963	0.007346383507221185
32.	0.7787822064439736	0.21344134738981232	0.007589751198641999
33.	0.7716864947990705	0.22028901079555988	0.007833251566099698
34.	0.7645888081938989	0.22713858166453046	0.008076819825929175
35.	0.7574902415515746	0.23398899860060787	0.008320418243998283
36.	0.7503914228180082	0.24083966307525853	0.00856402554907092
37.	0.743292678573154	0.24769025068302628	0.00880763021702583
38.	0.7361941938676172	0.25454059054397943	0.009051226181189656
39.	0.7290960543594027	0.2613905955792053	0.009294810353152867
40.	0.7219983057323123	0.26824022406610915	0.009538381258267283
41.	0.7149009657819058	0.27508945717180816	0.009781938236161525
42.	0.7078040471146037	0.2819382850317439	0.010025480947134966
43.	0.7007075561544712	0.28878670224777614	0.010269009210986314
44.	0.6936114823065118	0.29563470635272965	0.010512522948122395
45.	0.6865158689948944	0.3024822795643683	0.010756021535335628
46.	0.6794206603052797	0.30932945544103857	0.01099950615054751
47.	0.6723258830328664	0.316176215983184	0.01124297618860527
48.	0.6652315360661001	0.323022560743798	0.011486431639608944
49.	0.6581376201751766	0.3298684890480835	0.011729872487359759
50.	0.6510441364405697	0.33671400019083925	0.011973298714986268
51.	0.6439510860561791	0.3435590928902003	0.01221671028874983
52.	0.6368584704462824	0.3504037658035988	0.012460107174184222
53.	0.6297662884953876	0.35724801999610223	0.012703489398767009
54.	0.6226745394005756	0.3640918562301344	0.012946856982587457
55.	0.6155832272501908	0.3709352705407044	0.013190209829701824
56.	0.6084923523044352	0.3777782626797128	0.013433547933677972
57.	0.6014019128442302	0.38462083431593747	0.013676871334738555
58.	0.5943119089371884	0.3914629853759387	0.01392018003235476
59.	0.587222345605732	0.39830471095944064	0.01416347391236122
60.	0.5801332215503231	0.40514601233647646	0.014406753004014495
61.	0.5730445347897067	0.4119868914420834	0.01465001735208539
62.	0.5659562863712405	0.4188273472473302	0.01489326693865549
63.	0.5588684794828589	0.42566737663205384	0.015136501697999218
64.	0.5517811145095061	0.4325069792213637	0.015379721620390176
65.	0.5446941918287272	0.43934615464761245	0.01562292669625282
66.	0.537607711818068	0.4461849025431526	0.0158661169160116
67.	0.5305216749731612	0.4530232224217837	0.01610929227057304
68.	0.523436082435566	0.4598611131552732	0.016352452747157773
69.	0.5163509352257869	0.4666985737454173	0.016595598324149353
70.	0.5092662343221854	0.4735356032367613	0.016838728979326104
71.	0.502181980703124	0.4803722006738506	0.017081844690466353
72.	0.49509817532859235	0.4872083651186421	0.017324945436301385
73.	0.48801481866291535	0.494044096102751	0.0175680312213474
74.	0.4809319114362478	0.5008793929056222	0.017811102036527707
75.	0.4738494546072261	0.5077142545901279	0.01805415786094476
76.	0.46676744913448637	0.5145486802191401	0.01829719867370101
77.	0.45968589597666504	0.5213826688555312	0.018540224453898902
78.	0.4526047960489825	0.5282162195869189	0.018783235199483862
79.	0.4455241501739424	0.5350493315793843	0.019026230922738422
80.	0.43844395920109797	0.5418820040024739	0.019269211605111754
81.	0.4313642239808681	0.5487142360253969	0.019512177227519578
82.	0.4242849453636718	0.5555460268173622	0.0197551277708776
83.	0.4172061243227184	0.5623773754142755	0.019998063226745147
84.	0.41012776246395494	0.5692082801629934	0.020240983643695105
85.	0.40304986074334087	0.57603874011262	0.020483889017392544
86.	0.39597241998292737	0.5828687544573823	0.02072677933214868
87.	0.3888954410047654	0.589698322391507	0.02096965457227473
88.	0.3818189246309062	0.5965274431092212	0.021212514722081903
89.	0.3747428716834008	0.6033561158047518	0.021455359765881414
90.	0.36766728298430024	0.6101843396723257	0.021698189687984478
91.	0.3605921593556557	0.6170121139061697	0.021941004472702308
92.	0.3535175016195182	0.623839437700511	0.022183804104346123
93.	0.3464433109891547	0.6306663098114409	0.022426588615167664
94.	0.3393695901416222	0.6374927273575901	0.022669358214838294
95.	0.3322963401014112	0.6443186893109742	0.022912112907800083
96.	0.3252235616471723	0.6511441949190846	0.02315485266821233
97.	0.3181512555575565	0.6579692434294119	0.023397577470234306
98.	0.31107942261121463	0.664793834089447	0.02364028728802531
99.	0.3040080635867974	0.6716179661466812	0.023882982095744625
100.	0.29693717932192387	0.6784416387801794	0.024125661877114967
101.	0.2898667728289878	0.6852648486478276	0.024368326966239633
102.	0.2827968460976087	0.6920875936010125	0.02461097752486307
103.	0.2757274000060309	0.6989098727818704	0.024853613533395453
104.	0.2686584354324987	0.7057316853325374	0.025096234972246972
105.	0.2615899532552564	0.7125530303951494	0.02533884182182782
106.	0.25452195435254843	0.7193739071118427	0.025581434062548168
107.	0.2474544396026191	0.7261943146247531	0.025824011674818213
108.	0.24038741501390615	0.7330142466723033	0.02606657492429197
109.	0.23332088775300994	0.7398336957120648	0.026309124202570033
110.	0.22625485222626407	0.7466526675992542	0.02655165923506763
111.	0.2191893290238342	0.7534711419750113	0.026794179807448817
112.	0.21212433525923366	0.7602891020741573	0.027036685584224514
113.	0.20505991858890224	0.7671065015256073	0.027279175311982307
114.	0.19799616791245161	0.7739232541981351	0.027521646279492617
115.	0.19093326574803718	0.7807391835567693	0.027764092618321495
116.	0.18387154513733242	0.7875539677659105	0.028006503328592527
117.	0.17681161616672497	0.7943670175895209	0.028248857935530104
118.	0.16975455397178363	0.8011772948323623	0.02849112015530194
119.	0.16270227549055657	0.8079829489110323	0.028733224809239285
120.	0.15565787283268806	0.8147809951147423	0.028975066393647456
121.	0.1486262909102205	0.8215666606075466	0.029216475872170595
122.	0.141615098917863	0.8283326398980821	0.029457194201509797
123.	0.13463558168815187	0.8350680417380325	0.029696834768710906
124.	0.1277037275546588	0.8417574359096014	0.029934849367266928
125.	0.12084139360700338	0.8483797287549527	0.03017048815871609
126.	0.11407729827850405	0.8549072053418282	0.030402765567542317
127.	0.10744758975598079	0.8613049811281703	0.030630440600232605
128.	0.10099585198482507	0.8675309963622803	0.03085201649034248
129.	0.09477215315067039	0.8735369344872382	0.0310657732602006
130.	0.08883115940054022	0.8792700427708905	0.03126983223472969
131.	0.08322927604601717	0.8846758912925143	0.03146225407378227
132.	0.07802092631135435	0.8897019639624212	0.031641166686278435
133.	0.07325440596975705	0.8943016588017374	0.03180490767287366
134.	0.06896779435110942	0.8984382337533054	0.031952164890586776
135.	0.06518544622618612	0.9020881916252833	0.032082097333622814
136.	0.06191572450736028	0.90524346717197	0.03219441380621003
137.	0.059150127351464674	0.9079122693245433	0.03228940296672633
138.	0.05686414900712678	0.9101182496497875	0.03236790438396151
139.	0.05501960002197993	0.9118982629701446	0.03243122920491217
140.	0.053568077403501384	0.9132990185737897	0.032481040748840846
141.	0.05245508382198148	0.9143731053920969	0.03251921292447871
142.	0.05162415091463619	0.9151750131535794	0.032547688166438535
143.	0.05102058793501074	0.9157575158001041	0.032568348278190454
144.	0.05059431342249829	0.9161689388590092	0.032582916487311514
145.	0.05030175417018439	0.9164513276011356	0.032592892161554726
146.	0.05010675575500766	0.916639569220063	0.032599519328266366
147.	0.04998061196253061	0.9167613628877356	0.032603785545385885
148.	0.049901460805369044	0.916837804411336	0.03260644279615871
149.	0.0498533363374177	0.9168843000419208	0.032608039977069854
150.	0.04982500580416055	0.9169116891791428	0.03260896301715224
151.	0.049808908408026535	0.9169272679937885	0.0326094714544293
152.	0.04980009193914762	0.9169358155462385	0.03260973506720222
153.	0.04979546487449302	0.9169403155370737	0.03260985957416551
154.	0.04979316053421779	0.9169425698371515	0.03260990869709441
155.	0.049792093956278316	0.9169436256302804	0.03260991929007397
156.	0.049791658842145696	0.9169440682406794	0.03260991172639611
157.	0.04979152995132049	0.916944212587065	0.03260989676375257
158.	0.049791537864431835	0.9169442222325568	0.03260987982460457
159.	0.04979159838399495	0.9169441776980669	0.032609863419162534
160.	0.04979167467938267	0.9169441166221386	0.032609848557817435
161.	0.04979175067176866	0.9169440553611999	0.03260983552605566
162.	0.04979182067158825	0.9169439985943267	0.03260982423322063
163.	0.04979188021537208	0.9169439489579487	0.032609814556796714
164.	0.049791929469825594	0.9169439068794893	0.032609806310275116
165.	0.04979197061831281	0.9169438717651647	0.032609799310179446
166.	0.04979200293956005	0.9169438438813285	0.03260979342002127
167.	0.04979203005371266	0.9169438216609423	0.032609788462239414
168.	0.049792056056232	0.9169438033793694	0.03260978427590055
169.	0.04979206813308761	0.9169437884135647	0.03260978074019581
170.	0.04979209414434706	0.9169437755838985	0.03260977775347711
171.	0.04979211265134989	0.9169437650269545	0.032609775236338755
172.	0.04979211235563461	0.9169437565541702	0.0326097730736495
173.	0.04979212036343081	0.91694374954464	0.03260977127116034
174.	0.04979212837577073	0.9169437438228684	0.03260976976870782
175.	0.049792133131611044	0.9169437392567951	0.03260976853210835
176.	0.04979213874434754	0.9169437354743767	0.032609767490603
177.	0.049792143047526716	0.9169437323516091	0.03260976660862991
178.	0.049792146206782364	0.9169437298000253	0.03260976586784756
179.	0.04979214890268589	0.9169437277218968	0.03260976524892825
180.	0.04979215066476063	0.9169437260549836	0.032609764735539115
181.	0.049792152367546284	0.9169437246993255	0.03260976430729947
182.	0.04979215499356733	0.9169437235636285	0.03260976394617182
183.	0.04979215708385627	0.9169437226474676	0.032609763645754575
184.	0.04979215886252218	0.9169437218878456	0.032609763391511476
185.	0.049792158879104584	0.9169437212968335	0.032609763179728704