0.	0.8995323635011929	0.09691185853148028	0.0034460189775735815
1.	0.8995032171443855	0.09693998604140601	0.0034470191444081325
2.	0.8994540256763525	0.09698745796094886	0.0034487071658385556
3.	0.899373475176116	0.09706519271900961	0.0034514712827931936
4.	0.8992454655800294	0.09718872758162692	0.003455863974267779
5.	0.8990479729345535	0.0973793166278369	0.0034626409995027535
6.	0.8987520699355239	0.09766487597213308	0.003472795008513779
7.	0.8983213311833338	0.09808055771922232	0.0034875759509795053
8.	0.8977118731348206	0.09866871140866405	0.0035084897053186135
9.	0.8968732546723476	0.09947801492623534	0.003537267175425815
10.	0.8957503805701325	0.10056163757552854	0.0035757989726828768
11.	0.8942864082977492	0.10197443488524906	0.0036260356681473973
12.	0.8924264773495023	0.10376934964302958	0.0036898598195088876
13.	0.8901218948921906	0.10599337256203366	0.003768942339324126
14.	0.8873342667014241	0.10868355574653307	0.0038646007406627943
15.	0.8840390003189669	0.11186363199172404	0.003977678925135697
16.	0.8802276543855574	0.11554174757479532	0.004108466564710127
17.	0.8759087643666561	0.11970966539358381	0.0042566707665143136
18.	0.871107011762248	0.12434356671569856	0.0044214445814558
19.	0.8658608703895951	0.12940632261894058	0.0046014677725384956
20.	0.8602191000631612	0.13485087774389784	0.0047950671351253355
21.	0.8542366140193561	0.14062423841015073	0.0050003583073986516
22.	0.8479702931767581	0.1466715120384917	0.0052153894052578515
23.	0.8414752580335405	0.15293950493311714	0.005438268953339757
24.	0.8348019640104535	0.15937952540273465	0.0056672655593220655
25.	0.827994300585537	0.16594921817864827	0.005900873142849115
26.	0.8210886933493552	0.1726134309706147	0.006137841748945642
27.	0.8141140663742984	0.17934425078196398	0.006377178839475805
28.	0.8070924387879246	0.18612042819008326	0.0066181288216644995
29.	0.8000399055117717	0.19292643089043995	0.006860139393823661
30.	0.7929677757795879	0.19975134497659283	0.007102822476791727
31.	0.7858836955414433	0.20658779177106565	0.007345915698303855
32.	0.7787926421923731	0.2134309678686569	0.007589248258564568
33.	0.7716977375210057	0.22027786060543667	0.007832713033646582
34.	0.7646008688573991	0.22712664862390788	0.008076245260589211
35.	0.7575031365017374	0.23397627008474428	0.008319807183723962
36.	0.7504051592393371	0.24082612783144786	0.008563377570816051
37.	0.743307272850667	0.24767589781950083	0.00880694490111979
38.	0.7362096531904664	0.25452541033963283	0.00905050314187306
39.	0.7291123891590815	0.26137457959729243	0.009294049244259544
40.	0.7220155241401655	0.26822336372345207	0.009537581721460188
41.	0.7149190785678855	0.2750717429962633	0.0097810998742534
42.	0.7078230617261982	0.28191970845423975	0.0100246033861216
43.	0.7007274776767765	0.28876725617554255	0.010268092119835719
44.	0.6936323281227595	0.29561438451433225	0.010511566019188526
45.	0.6865376137398668	0.3024610928161836	0.01075502506332144
46.	0.6794433347720159	0.30930738084328113	0.01099846924629034
47.	0.6723494912880038	0.3161532485267066	0.011241898568262533
48.	0.6652560832880805	0.3229986958635852	0.011485313031865079
49.	0.6581631107465967	0.3298437228759232	0.011728712640727076
50.	0.6510705736284573	0.33668832959472234	0.011972097398921197
51.	0.6439784718952433	0.3435325160540675	0.012215467310760206
52.	0.6368868055074066	0.3503762822889988	0.012458822380728561
53.	0.6297955744250324	0.35721962833477033	0.012702162613463776
54.	0.6227047786080934	0.36406255422659717	0.012945488013755706
55.	0.6156144180165298	0.37090505999956797	0.013188798586552251
56.	0.6085244926102773	0.3777471456886109	0.013432094336967576
57.	0.6014350023492719	0.3845888113284765	0.013675375270291635
58.	0.5943459471934552	0.39143005695372546	0.013918641392000554
59.	0.5872573271027722	0.39827088259871674	0.014161892707767828
60.	0.5801691420371737	0.40511128829759463	0.01440512922347633
61.	0.5730813919566148	0.41195127408427695	0.014648350945231248
62.	0.5659940768210557	0.4187908399924404	0.014891557879373993
63.	0.5589071965904617	0.4256299860555056	0.015134750032497122
64.	0.5518207512248029	0.43246871230662154	0.015377927411460464
65.	0.544734740684054	0.43930701877864786	0.01562109002340845
66.	0.5376491649281954	0.4461449055041358	0.015864237875788834
67.	0.5305640239172114	0.45298237251530915	0.01610737097637295
68.	0.5234793176110919	0.4598194198440411	0.016350489333277502
69.	0.5163950459698315	0.4666560475218311	0.016593592954988266
70.	0.5093112089534295	0.4734922555797798	0.016836681850385702
71.	0.5022278065218909	0.4803280440485606	0.017079756028772708
72.	0.49514483863522474	0.48716341295838955	0.017322815499904814
73.	0.48806230525344513	0.493998362338993	0.01756586027402295
74.	0.48098020633657135	0.5008328922195718	0.017808890361889117
75.	0.4738985418446273	0.507667002628762	0.018051905774825253
76.	0.4668173117376423	0.5145006935945934	0.01829490652475565
77.	0.4597365159756499	0.5213339651444429	0.01853789262425323
78.	0.4526561545186891	0.5281668173049829	0.01878086408659019
79.	0.44557622732680346	0.5349992501021277	0.01902382092579347
80.	0.4384967343600416	0.5418312635609712	0.01926676315670557
81.	0.43141767557845667	0.5486628577057209	0.01950969079505137
82.	0.4243390509421076	0.5554940325596246	0.019752603857511562
83.	0.4172608604110574	0.5623247881448891	0.019995502361803624
84.	0.4101831039453742	0.5691551244825909	0.020238386326771093
85.	0.40310578150513093	0.5759850415925779	0.020481255772482262
86.	0.39602889305040595	0.5828145394933609	0.020724110720339483
87.	0.388952438541282	0.5896436182019906	0.02096695119320022
88.	0.38187641793784644	0.5964722777339249	0.02120977721551177
89.	0.3748008312001925	0.6033005181028787	0.021452588813461015
90.	0.3677256782884174	0.6101283393206566	0.021695386015141562
91.	0.36065095916262363	0.616955741396967	0.021938168850740458
92.	0.3535766737829186	0.623782724339212	0.0221809373527473
93.	0.34650282210941463	0.6306092881522539	0.022423691556188945
94.	0.33942940410222866	0.637435432838151	0.02266643149889346
95.	0.3323564197214832	0.6442611583958606	0.022909157221787824
96.	0.3252838689273063	0.6510864648209008	0.023151868769234283
97.	0.3182117516798339	0.6579113521049692	0.02339456618941151
98.	0.31114006793921756	0.6647358202355015	0.023637249534747478
99.	0.30406881766565014	0.6715598691951545	0.02387991886241208
100.	0.29699800081944666	0.6783834989611633	0.024122574234878225
101.	0.2899276173612979	0.6852067095044525	0.024365215720559427
102.	0.2828576672530294	0.69202950078816	0.02460784339452692
103.	0.2757881504597872	0.6988518727646714	0.02485045733929176
104.	0.2687190669561381	0.7056738253687417	0.025093057645587998
105.	0.261650416742455	0.7124953585005299	0.0253356444129633
106.	0.2545821998873881	0.7193164719832706	0.02557821774966639
107.	0.24751441663397883	0.7261371654592932	0.02582077777058015
108.	0.24044706765519586	0.7329574381415714	0.026063324590304283
109.	0.23338015464681228	0.7397772882393858	0.02630585830499593
110.	0.2263136816521866	0.7465967116772628	0.02654837894949984
111.	0.21924765791195225	0.7534156993418231	0.026790886402642038
112.	0.21218210376191174	0.7602342313863796	0.027033380188517957
113.	0.20511706237062197	0.7670522658992661	0.027275859078106156
114.	0.198052622184879	0.7738697172377207	0.02751832032428949
115.	0.1909889581367922	0.7806864162550206	0.0277607582540602
116.	0.18392640419595138	0.7875020402771149	0.028003161786226638
117.	0.17686557571846753	0.7943159950219038	0.028245510241511645
118.	0.16980756674008102	0.8011272241930842	0.028487766582055665
119.	0.1627542535533355	0.807933916504358	0.028729867004605746
120.	0.15570873919479788	0.8147330767190668	0.028971705698542457
121.	0.14867597034979474	0.8215199303003775	0.029213113686344827
122.	0.1416635445091954	0.8282871444629297	0.029453831132475135
123.	0.1346826972638831	0.8350238753898535	0.02969347346465276
124.	0.12774941582425178	0.8417146936477091	0.029931493153070532
125.	0.1208855678183939	0.8483384948734657	0.03016714094865798
126.	0.11411987261520551	0.8548675624561027	0.0303994325008605
127.	0.10748849046119202	0.8612669990777408	0.030627128057216672
128.	0.10103498146617808	0.8674947664197555	0.030848733745146784
129.	0.09480941048511303	0.8735025491638659	0.031062532115234704
130.	0.08886645705019332	0.8792375792088909	0.031266646780821056
131.	0.08326253028264158	0.8846454201559458	0.03145914117175747
132.	0.07805206847012311	0.8896735386211642	0.03163814527245723
133.	0.07328338674010178	0.8942753115892269	0.03180199793361919
134.	0.06899457967646509	0.8984139805982228	0.03194938744468526
135.	0.06521004703720008	0.9020660043806968	0.032079470948585764
136.	0.06193816397311141	0.9052233067467829	0.032191954847087596
137.	0.05917046220168683	0.9078940661014379	0.032287123585454484
138.	0.0568824538382252	0.9101019196266542	0.03236581216773454
139.	0.05503596551057466	0.9118837100679503	0.03242932675202981
140.	0.053582615768304684	0.9132861294701966	0.03247932573451917
141.	0.0524679140876676	0.9143617634218836	0.03251767912733006
142.	0.05163541329127844	0.9151650840995386	0.03254632575550046
143.	0.05103040876005582	0.9157488808968403	0.032567145786339076
144.	0.05060282140111932	0.9161614788211447	0.03258186121224285
145.	0.050309085145103676	0.916444917484724	0.03259197057143992
146.	0.050113039469865346	0.9166340901387849	0.03259871796200127
147.	0.04998596811922501	0.9167567065043085	0.03260309151691685
148.	0.0499060081572462	0.9168338631217041	0.0326058436213715
149.	0.0498571773803082	0.9168809819101181	0.03260752431805419
150.	0.04982824475555678	0.9169089001633337	0.03260852014892822
151.	0.049811616537731036	0.9169249453978768	0.03260909247648493
152.	0.04980234888866445	0.9169338881237997	0.032609411460716387
153.	0.04979734079860414	0.9169387206304149	0.03260958383486787
154.	0.04979471733474701	0.9169412521156883	0.03260967413227876
155.	0.049793385322765636	0.9169425374273488	0.03260971997901753
156.	0.04979272992048149	0.9169431698512353	0.03260974253741892
157.	0.04979241744395935	0.9169434713723329	0.0326097532926015
158.	0.049792273104607196	0.9169436106511486	0.03260975826064235
159.	0.04979220851492552	0.9169436729763165	0.03260976048376568
160.	0.0497921805180247	0.9169436999916462	0.032609761447395816
161.	0.04979216876400576	0.9169437113335692	0.03260976185195942
162.	0.049792163984785996	0.9169437159452296	0.0326097620164562
163.	0.049792162102917016	0.9169437177611203	0.03260976208122858
164.	0.04979216138536424	0.9169437184535157	0.03260976210592615
165.	0.049792161120439035	0.9169437187091524	0.03260976211504465
166.	0.04979216102573427	0.9169437188005369	0.03260976211830432
167.	0.0497921609929566	0.9169437188321654	0.03260976211943249
168.	0.049792160981973664	0.9169437188427633	0.032609762119810516
169.	0.04979216097841099	0.9169437188462011	0.03260976211993315
170.	0.049792160977292284	0.9169437188472805	0.032609762119971644
171.	0.049792160976952195	0.9169437188476086	0.03260976211998336
172.	0.04979216097685218	0.9169437188477051	0.03260976211998679
173.	0.049792160976823645	0.9169437188477326	0.03260976211998778
174.	0.049792160976815734	0.9169437188477403	0.03260976211998805
175.	0.04979216097681372	0.9169437188477423	0.032609762119988124
176.	0.04979216097681315	0.916943718847743	0.032609762119988145
177.	0.04979216097681302	0.916943718847743	0.032609762119988145
178.	0.04979216097681302	0.916943718847743	0.032609762119988145
179.	0.04979216097681302	0.916943718847743	0.032609762119988145
180.	0.04979216097681302	0.916943718847743	0.032609762119988145
181.	0.04979216097681297	0.9169437188477431	0.032609762119988145
182.	0.04979216097681297	0.9169437188477431	0.032609762119988145
183.	0.04979216097681297	0.9169437188477431	0.032609762119988145
184.	0.04979216097681297	0.9169437188477431	0.032609762119988145
185.	0.04979216097681297	0.9169437188477431	0.032609762119988145